7 8 1
0 -0.56971824 0.3869124 -0.15264802 0.48667997 0.08368056 -0.21752127 -0.38821453 0.35002488
0 0.2638796 -0.28264907 -0.025257062 -4.9439178 -0.35692766 10.5712385 0.33837757 -1.7206011
0 -0.26155585 -0.45082968 -0.4882122 0.14217268 0.04320107 -10.6682 0.102328844 1.7947804
0 0.34258524 -0.27952802 0.58933073 -0.00007000085 0.6051666 -0.1705859 -1.0026683 -3.8923175
0 -0.23702252 1.0391729 -0.18049921 -0.37140292 -0.15148847 0.18712674 -0.9593567 0.4177944
0 -0.31301048 -0.56987804 1.013907 1.6079524 0.22681682 -0.10421842 -0.6468269 1.6191068
0 -0.065305114 0.04396832 -0.096686125 -0.6059097 -0.8555685 -0.931985 -0.68729925 -0.18170333
0 -0.7917874 -0.7467138 -0.03824172 2.2124698 0.62919545 0.56301093 -0.27006334 0.82152724
0 0.47503054
0 -0.08325212
0 0.5880279
0 -0.38745135
0 -1.8412876
0 0.7698091
0 -1.1555833
0 -0.390454
0 1.5685511
